9.000000000000000000e+01 1.460000000000000000e+02 9.800000000000000000e+01 1.020000000000000000e+02 9.000000000000000000e+01 9.000000000000000000e+01 9.000000000000000000e+01 9.000000000000000000e+01
9.000000000000000000e+01 1.100000000000000000e+02 8.200000000000000000e+01 1.020000000000000000e+02 9.000000000000000000e+01 9.000000000000000000e+01 9.000000000000000000e+01 9.000000000000000000e+01
9.000000000000000000e+01 1.100000000000000000e+02 8.200000000000000000e+01 1.020000000000000000e+02 9.000000000000000000e+01 9.000000000000000000e+01 9.000000000000000000e+01 9.000000000000000000e+01
9.000000000000000000e+01 1.100000000000000000e+02 8.200000000000000000e+01 1.020000000000000000e+02 9.000000000000000000e+01 9.000000000000000000e+01 9.000000000000000000e+01 9.000000000000000000e+01
9.000000000000000000e+01 1.100000000000000000e+02 8.200000000000000000e+01 1.020000000000000000e+02 9.000000000000000000e+01 9.000000000000000000e+01 9.000000000000000000e+01 9.000000000000000000e+01
9.400000000000000000e+01 1.100000000000000000e+02 8.200000000000000000e+01 1.020000000000000000e+02 8.600000000000000000e+01 9.000000000000000000e+01 9.000000000000000000e+01 9.000000000000000000e+01
9.400000000000000000e+01 1.100000000000000000e+02 8.200000000000000000e+01 1.020000000000000000e+02 8.600000000000000000e+01 9.000000000000000000e+01 9.000000000000000000e+01 9.000000000000000000e+01
9.400000000000000000e+01 1.100000000000000000e+02 8.200000000000000000e+01 1.020000000000000000e+02 8.600000000000000000e+01 9.000000000000000000e+01 9.000000000000000000e+01 9.000000000000000000e+01
9.400000000000000000e+01 1.100000000000000000e+02 8.200000000000000000e+01 1.020000000000000000e+02 8.600000000000000000e+01 9.000000000000000000e+01 9.000000000000000000e+01 9.000000000000000000e+01
9.400000000000000000e+01 1.100000000000000000e+02 8.200000000000000000e+01 1.020000000000000000e+02 8.600000000000000000e+01 9.000000000000000000e+01 9.000000000000000000e+01 9.000000000000000000e+01
9.800000000000000000e+01 1.100000000000000000e+02 8.200000000000000000e+01 1.020000000000000000e+02 8.200000000000000000e+01 9.000000000000000000e+01 9.000000000000000000e+01 9.000000000000000000e+01
9.800000000000000000e+01 1.100000000000000000e+02 8.200000000000000000e+01 1.020000000000000000e+02 8.200000000000000000e+01 9.000000000000000000e+01 9.000000000000000000e+01 9.000000000000000000e+01
9.800000000000000000e+01 1.100000000000000000e+02 8.200000000000000000e+01 1.020000000000000000e+02 8.200000000000000000e+01 9.000000000000000000e+01 9.000000000000000000e+01 9.000000000000000000e+01
9.800000000000000000e+01 1.100000000000000000e+02 8.200000000000000000e+01 1.020000000000000000e+02 8.200000000000000000e+01 9.000000000000000000e+01 9.000000000000000000e+01 9.000000000000000000e+01
9.800000000000000000e+01 1.100000000000000000e+02 8.200000000000000000e+01 1.020000000000000000e+02 8.200000000000000000e+01 9.000000000000000000e+01 9.000000000000000000e+01 9.000000000000000000e+01
1.020000000000000000e+02 1.100000000000000000e+02 8.200000000000000000e+01 1.020000000000000000e+02 7.800000000000000000e+01 9.000000000000000000e+01 9.000000000000000000e+01 9.000000000000000000e+01
1.020000000000000000e+02 1.100000000000000000e+02 8.200000000000000000e+01 1.020000000000000000e+02 7.800000000000000000e+01 9.000000000000000000e+01 9.000000000000000000e+01 9.000000000000000000e+01
1.020000000000000000e+02 1.100000000000000000e+02 8.200000000000000000e+01 1.020000000000000000e+02 7.800000000000000000e+01 9.000000000000000000e+01 9.000000000000000000e+01 9.000000000000000000e+01
1.020000000000000000e+02 1.100000000000000000e+02 8.200000000000000000e+01 1.020000000000000000e+02 7.800000000000000000e+01 9.000000000000000000e+01 9.000000000000000000e+01 9.000000000000000000e+01
1.020000000000000000e+02 1.100000000000000000e+02 8.200000000000000000e+01 1.020000000000000000e+02 7.800000000000000000e+01 9.000000000000000000e+01 9.000000000000000000e+01 9.000000000000000000e+01
1.020000000000000000e+02 1.100000000000000000e+02 8.200000000000000000e+01 1.020000000000000000e+02 7.800000000000000000e+01 9.000000000000000000e+01 9.000000000000000000e+01 9.000000000000000000e+01
1.060000000000000000e+02 1.100000000000000000e+02 8.200000000000000000e+01 1.020000000000000000e+02 7.400000000000000000e+01 9.000000000000000000e+01 9.000000000000000000e+01 9.000000000000000000e+01
1.060000000000000000e+02 1.100000000000000000e+02 8.200000000000000000e+01 1.020000000000000000e+02 7.400000000000000000e+01 9.000000000000000000e+01 9.000000000000000000e+01 9.000000000000000000e+01
1.060000000000000000e+02 1.100000000000000000e+02 8.200000000000000000e+01 1.020000000000000000e+02 7.400000000000000000e+01 9.000000000000000000e+01 9.000000000000000000e+01 9.000000000000000000e+01
1.060000000000000000e+02 1.100000000000000000e+02 8.200000000000000000e+01 1.020000000000000000e+02 7.400000000000000000e+01 9.000000000000000000e+01 9.000000000000000000e+01 9.000000000000000000e+01
1.060000000000000000e+02 1.100000000000000000e+02 8.200000000000000000e+01 1.020000000000000000e+02 7.400000000000000000e+01 9.000000000000000000e+01 9.000000000000000000e+01 9.000000000000000000e+01
1.060000000000000000e+02 1.100000000000000000e+02 8.200000000000000000e+01 1.020000000000000000e+02 7.400000000000000000e+01 9.000000000000000000e+01 9.000000000000000000e+01 9.000000000000000000e+01
1.060000000000000000e+02 1.100000000000000000e+02 8.200000000000000000e+01 1.020000000000000000e+02 7.400000000000000000e+01 9.000000000000000000e+01 9.000000000000000000e+01 9.000000000000000000e+01
1.060000000000000000e+02 1.100000000000000000e+02 8.200000000000000000e+01 1.020000000000000000e+02 7.400000000000000000e+01 9.000000000000000000e+01 9.000000000000000000e+01 9.000000000000000000e+01
1.060000000000000000e+02 1.100000000000000000e+02 8.200000000000000000e+01 1.020000000000000000e+02 7.400000000000000000e+01 9.000000000000000000e+01 9.000000000000000000e+01 9.000000000000000000e+01
1.100000000000000000e+02 1.100000000000000000e+02 8.200000000000000000e+01 1.020000000000000000e+02 7.000000000000000000e+01 9.000000000000000000e+01 9.000000000000000000e+01 9.000000000000000000e+01
1.100000000000000000e+02 1.100000000000000000e+02 8.200000000000000000e+01 1.020000000000000000e+02 7.000000000000000000e+01 9.000000000000000000e+01 9.000000000000000000e+01 9.000000000000000000e+01
1.100000000000000000e+02 1.100000000000000000e+02 8.200000000000000000e+01 1.020000000000000000e+02 7.000000000000000000e+01 9.000000000000000000e+01 9.000000000000000000e+01 9.000000000000000000e+01
1.100000000000000000e+02 1.100000000000000000e+02 8.200000000000000000e+01 1.020000000000000000e+02 7.000000000000000000e+01 9.000000000000000000e+01 9.000000000000000000e+01 9.000000000000000000e+01
1.100000000000000000e+02 1.100000000000000000e+02 8.200000000000000000e+01 1.020000000000000000e+02 7.000000000000000000e+01 9.000000000000000000e+01 9.000000000000000000e+01 9.000000000000000000e+01
1.100000000000000000e+02 1.100000000000000000e+02 8.200000000000000000e+01 1.020000000000000000e+02 7.000000000000000000e+01 9.000000000000000000e+01 9.000000000000000000e+01 9.000000000000000000e+01
1.100000000000000000e+02 1.100000000000000000e+02 8.200000000000000000e+01 1.020000000000000000e+02 7.000000000000000000e+01 9.000000000000000000e+01 9.000000000000000000e+01 9.000000000000000000e+01
1.100000000000000000e+02 1.100000000000000000e+02 8.200000000000000000e+01 1.020000000000000000e+02 7.000000000000000000e+01 9.000000000000000000e+01 9.000000000000000000e+01 9.000000000000000000e+01
1.100000000000000000e+02 1.100000000000000000e+02 8.200000000000000000e+01 1.020000000000000000e+02 7.000000000000000000e+01 9.000000000000000000e+01 9.000000000000000000e+01 9.000000000000000000e+01
1.100000000000000000e+02 1.100000000000000000e+02 8.200000000000000000e+01 1.020000000000000000e+02 7.000000000000000000e+01 9.000000000000000000e+01 9.000000000000000000e+01 9.000000000000000000e+01
1.100000000000000000e+02 1.100000000000000000e+02 8.200000000000000000e+01 1.020000000000000000e+02 7.000000000000000000e+01 9.000000000000000000e+01 9.000000000000000000e+01 9.000000000000000000e+01
1.100000000000000000e+02 1.100000000000000000e+02 8.200000000000000000e+01 1.020000000000000000e+02 7.000000000000000000e+01 9.000000000000000000e+01 9.000000000000000000e+01 9.000000000000000000e+01
1.100000000000000000e+02 1.100000000000000000e+02 8.200000000000000000e+01 1.020000000000000000e+02 7.000000000000000000e+01 9.000000000000000000e+01 9.000000000000000000e+01 9.000000000000000000e+01
1.100000000000000000e+02 1.100000000000000000e+02 8.200000000000000000e+01 1.020000000000000000e+02 7.000000000000000000e+01 9.000000000000000000e+01 9.000000000000000000e+01 9.000000000000000000e+01
1.100000000000000000e+02 1.100000000000000000e+02 8.200000000000000000e+01 1.020000000000000000e+02 7.000000000000000000e+01 9.000000000000000000e+01 9.000000000000000000e+01 9.000000000000000000e+01
1.100000000000000000e+02 1.100000000000000000e+02 8.200000000000000000e+01 1.020000000000000000e+02 7.000000000000000000e+01 9.000000000000000000e+01 9.000000000000000000e+01 9.000000000000000000e+01
1.060000000000000000e+02 1.100000000000000000e+02 8.200000000000000000e+01 1.020000000000000000e+02 7.400000000000000000e+01 9.000000000000000000e+01 9.000000000000000000e+01 9.000000000000000000e+01
1.060000000000000000e+02 1.100000000000000000e+02 8.200000000000000000e+01 1.020000000000000000e+02 7.400000000000000000e+01 9.000000000000000000e+01 9.000000000000000000e+01 9.000000000000000000e+01
1.060000000000000000e+02 1.100000000000000000e+02 8.200000000000000000e+01 1.020000000000000000e+02 7.400000000000000000e+01 9.000000000000000000e+01 9.000000000000000000e+01 9.000000000000000000e+01
1.060000000000000000e+02 1.100000000000000000e+02 8.200000000000000000e+01 1.020000000000000000e+02 7.400000000000000000e+01 9.000000000000000000e+01 9.000000000000000000e+01 9.000000000000000000e+01
1.060000000000000000e+02 1.100000000000000000e+02 8.200000000000000000e+01 1.020000000000000000e+02 7.400000000000000000e+01 9.000000000000000000e+01 9.000000000000000000e+01 9.000000000000000000e+01
1.060000000000000000e+02 1.100000000000000000e+02 8.200000000000000000e+01 1.020000000000000000e+02 7.400000000000000000e+01 9.000000000000000000e+01 9.000000000000000000e+01 9.000000000000000000e+01
1.060000000000000000e+02 1.100000000000000000e+02 8.200000000000000000e+01 1.020000000000000000e+02 7.400000000000000000e+01 9.000000000000000000e+01 9.000000000000000000e+01 9.000000000000000000e+01
1.060000000000000000e+02 1.100000000000000000e+02 8.200000000000000000e+01 1.020000000000000000e+02 7.400000000000000000e+01 9.000000000000000000e+01 9.000000000000000000e+01 9.000000000000000000e+01
1.060000000000000000e+02 1.100000000000000000e+02 8.200000000000000000e+01 1.020000000000000000e+02 7.400000000000000000e+01 9.000000000000000000e+01 9.000000000000000000e+01 9.000000000000000000e+01
1.020000000000000000e+02 1.100000000000000000e+02 8.200000000000000000e+01 1.020000000000000000e+02 7.800000000000000000e+01 9.000000000000000000e+01 9.000000000000000000e+01 9.000000000000000000e+01
1.020000000000000000e+02 1.100000000000000000e+02 8.200000000000000000e+01 1.020000000000000000e+02 7.800000000000000000e+01 9.000000000000000000e+01 9.000000000000000000e+01 9.000000000000000000e+01
1.020000000000000000e+02 1.100000000000000000e+02 8.200000000000000000e+01 1.020000000000000000e+02 7.800000000000000000e+01 9.000000000000000000e+01 9.000000000000000000e+01 9.000000000000000000e+01
1.020000000000000000e+02 1.100000000000000000e+02 8.200000000000000000e+01 1.020000000000000000e+02 7.800000000000000000e+01 9.000000000000000000e+01 9.000000000000000000e+01 9.000000000000000000e+01
1.020000000000000000e+02 1.100000000000000000e+02 8.200000000000000000e+01 1.020000000000000000e+02 7.800000000000000000e+01 9.000000000000000000e+01 9.000000000000000000e+01 9.000000000000000000e+01
1.020000000000000000e+02 1.100000000000000000e+02 8.200000000000000000e+01 1.020000000000000000e+02 7.800000000000000000e+01 9.000000000000000000e+01 9.000000000000000000e+01 9.000000000000000000e+01
9.800000000000000000e+01 1.100000000000000000e+02 8.200000000000000000e+01 1.020000000000000000e+02 8.200000000000000000e+01 9.000000000000000000e+01 9.000000000000000000e+01 9.000000000000000000e+01
9.800000000000000000e+01 1.100000000000000000e+02 8.200000000000000000e+01 1.020000000000000000e+02 8.200000000000000000e+01 9.000000000000000000e+01 9.000000000000000000e+01 9.000000000000000000e+01
9.800000000000000000e+01 1.100000000000000000e+02 8.200000000000000000e+01 1.020000000000000000e+02 8.200000000000000000e+01 9.000000000000000000e+01 9.000000000000000000e+01 9.000000000000000000e+01
9.800000000000000000e+01 1.100000000000000000e+02 8.200000000000000000e+01 1.020000000000000000e+02 8.200000000000000000e+01 9.000000000000000000e+01 9.000000000000000000e+01 9.000000000000000000e+01
9.800000000000000000e+01 1.100000000000000000e+02 8.200000000000000000e+01 1.020000000000000000e+02 8.200000000000000000e+01 9.000000000000000000e+01 9.000000000000000000e+01 9.000000000000000000e+01
9.400000000000000000e+01 1.100000000000000000e+02 8.200000000000000000e+01 1.020000000000000000e+02 8.600000000000000000e+01 9.000000000000000000e+01 9.000000000000000000e+01 9.000000000000000000e+01
9.400000000000000000e+01 1.100000000000000000e+02 8.200000000000000000e+01 1.020000000000000000e+02 8.600000000000000000e+01 9.000000000000000000e+01 9.000000000000000000e+01 9.000000000000000000e+01
9.400000000000000000e+01 1.100000000000000000e+02 8.200000000000000000e+01 1.020000000000000000e+02 8.600000000000000000e+01 9.000000000000000000e+01 9.000000000000000000e+01 9.000000000000000000e+01
9.400000000000000000e+01 1.100000000000000000e+02 8.200000000000000000e+01 1.020000000000000000e+02 8.600000000000000000e+01 9.000000000000000000e+01 9.000000000000000000e+01 9.000000000000000000e+01
9.400000000000000000e+01 1.100000000000000000e+02 8.200000000000000000e+01 1.020000000000000000e+02 8.600000000000000000e+01 9.000000000000000000e+01 9.000000000000000000e+01 9.000000000000000000e+01
9.000000000000000000e+01 1.100000000000000000e+02 8.200000000000000000e+01 1.020000000000000000e+02 9.000000000000000000e+01 9.000000000000000000e+01 9.000000000000000000e+01 9.000000000000000000e+01
9.000000000000000000e+01 1.100000000000000000e+02 8.200000000000000000e+01 1.020000000000000000e+02 9.000000000000000000e+01 9.000000000000000000e+01 9.000000000000000000e+01 9.000000000000000000e+01
9.000000000000000000e+01 1.100000000000000000e+02 8.200000000000000000e+01 1.020000000000000000e+02 9.000000000000000000e+01 9.000000000000000000e+01 9.000000000000000000e+01 9.000000000000000000e+01
9.000000000000000000e+01 1.100000000000000000e+02 8.200000000000000000e+01 1.020000000000000000e+02 9.000000000000000000e+01 9.000000000000000000e+01 9.000000000000000000e+01 9.000000000000000000e+01
