9.000000000000000000e+01 1.090000000000000000e+02 7.500000000000000000e+01 9.300000000000000000e+01 9.000000000000000000e+01 9.000000000000000000e+01 9.000000000000000000e+01 9.000000000000000000e+01
9.000000000000000000e+01 1.090000000000000000e+02 7.500000000000000000e+01 9.300000000000000000e+01 8.900000000000000000e+01 9.000000000000000000e+01 9.000000000000000000e+01 9.000000000000000000e+01
9.000000000000000000e+01 1.090000000000000000e+02 7.500000000000000000e+01 9.300000000000000000e+01 8.900000000000000000e+01 9.000000000000000000e+01 9.000000000000000000e+01 9.000000000000000000e+01
9.000000000000000000e+01 1.090000000000000000e+02 7.500000000000000000e+01 9.300000000000000000e+01 8.900000000000000000e+01 9.000000000000000000e+01 9.000000000000000000e+01 9.000000000000000000e+01
9.000000000000000000e+01 1.090000000000000000e+02 7.500000000000000000e+01 9.300000000000000000e+01 8.900000000000000000e+01 9.000000000000000000e+01 9.000000000000000000e+01 9.000000000000000000e+01
9.000000000000000000e+01 1.090000000000000000e+02 7.500000000000000000e+01 9.300000000000000000e+01 8.900000000000000000e+01 9.000000000000000000e+01 9.000000000000000000e+01 9.000000000000000000e+01
9.000000000000000000e+01 1.090000000000000000e+02 7.500000000000000000e+01 9.300000000000000000e+01 8.900000000000000000e+01 9.000000000000000000e+01 9.000000000000000000e+01 9.000000000000000000e+01
9.000000000000000000e+01 1.090000000000000000e+02 7.500000000000000000e+01 9.300000000000000000e+01 8.900000000000000000e+01 9.000000000000000000e+01 9.000000000000000000e+01 9.000000000000000000e+01
9.000000000000000000e+01 1.090000000000000000e+02 7.500000000000000000e+01 9.300000000000000000e+01 8.900000000000000000e+01 9.000000000000000000e+01 9.000000000000000000e+01 9.000000000000000000e+01
9.000000000000000000e+01 1.090000000000000000e+02 7.500000000000000000e+01 9.400000000000000000e+01 8.900000000000000000e+01 9.000000000000000000e+01 9.000000000000000000e+01 9.000000000000000000e+01
9.100000000000000000e+01 1.090000000000000000e+02 7.500000000000000000e+01 9.400000000000000000e+01 8.800000000000000000e+01 9.000000000000000000e+01 9.000000000000000000e+01 9.000000000000000000e+01
9.100000000000000000e+01 1.090000000000000000e+02 7.500000000000000000e+01 9.400000000000000000e+01 8.800000000000000000e+01 9.000000000000000000e+01 9.000000000000000000e+01 9.000000000000000000e+01
9.100000000000000000e+01 1.090000000000000000e+02 7.500000000000000000e+01 9.400000000000000000e+01 8.800000000000000000e+01 9.000000000000000000e+01 9.000000000000000000e+01 9.000000000000000000e+01
9.100000000000000000e+01 1.090000000000000000e+02 7.500000000000000000e+01 9.400000000000000000e+01 8.800000000000000000e+01 9.000000000000000000e+01 9.000000000000000000e+01 9.000000000000000000e+01
9.100000000000000000e+01 1.090000000000000000e+02 7.500000000000000000e+01 9.400000000000000000e+01 8.800000000000000000e+01 9.000000000000000000e+01 9.000000000000000000e+01 9.000000000000000000e+01
9.100000000000000000e+01 1.090000000000000000e+02 7.500000000000000000e+01 9.400000000000000000e+01 8.800000000000000000e+01 9.000000000000000000e+01 9.000000000000000000e+01 9.000000000000000000e+01
9.100000000000000000e+01 1.090000000000000000e+02 7.500000000000000000e+01 9.400000000000000000e+01 8.800000000000000000e+01 9.000000000000000000e+01 9.000000000000000000e+01 9.000000000000000000e+01
9.100000000000000000e+01 1.090000000000000000e+02 7.500000000000000000e+01 9.400000000000000000e+01 8.800000000000000000e+01 9.000000000000000000e+01 9.000000000000000000e+01 9.000000000000000000e+01
9.100000000000000000e+01 1.090000000000000000e+02 7.500000000000000000e+01 9.400000000000000000e+01 8.800000000000000000e+01 9.000000000000000000e+01 9.000000000000000000e+01 9.000000000000000000e+01
9.200000000000000000e+01 1.090000000000000000e+02 7.500000000000000000e+01 9.400000000000000000e+01 8.700000000000000000e+01 9.000000000000000000e+01 9.000000000000000000e+01 9.000000000000000000e+01
9.200000000000000000e+01 1.090000000000000000e+02 7.500000000000000000e+01 9.400000000000000000e+01 8.700000000000000000e+01 9.000000000000000000e+01 9.000000000000000000e+01 9.000000000000000000e+01
9.200000000000000000e+01 1.090000000000000000e+02 7.600000000000000000e+01 9.400000000000000000e+01 8.700000000000000000e+01 9.000000000000000000e+01 9.000000000000000000e+01 9.000000000000000000e+01
9.200000000000000000e+01 1.090000000000000000e+02 7.600000000000000000e+01 9.400000000000000000e+01 8.700000000000000000e+01 9.000000000000000000e+01 9.000000000000000000e+01 9.000000000000000000e+01
9.200000000000000000e+01 1.090000000000000000e+02 7.600000000000000000e+01 9.400000000000000000e+01 8.700000000000000000e+01 9.000000000000000000e+01 9.000000000000000000e+01 9.000000000000000000e+01
9.200000000000000000e+01 1.090000000000000000e+02 7.600000000000000000e+01 9.400000000000000000e+01 8.700000000000000000e+01 9.000000000000000000e+01 9.000000000000000000e+01 9.000000000000000000e+01
9.200000000000000000e+01 1.090000000000000000e+02 7.600000000000000000e+01 9.400000000000000000e+01 8.700000000000000000e+01 9.000000000000000000e+01 9.000000000000000000e+01 9.000000000000000000e+01
9.200000000000000000e+01 1.090000000000000000e+02 7.600000000000000000e+01 9.400000000000000000e+01 8.700000000000000000e+01 9.000000000000000000e+01 9.000000000000000000e+01 9.000000000000000000e+01
9.200000000000000000e+01 1.090000000000000000e+02 7.600000000000000000e+01 9.400000000000000000e+01 8.700000000000000000e+01 9.000000000000000000e+01 9.000000000000000000e+01 9.000000000000000000e+01
9.200000000000000000e+01 1.090000000000000000e+02 7.600000000000000000e+01 9.400000000000000000e+01 8.700000000000000000e+01 9.000000000000000000e+01 9.000000000000000000e+01 9.000000000000000000e+01
9.200000000000000000e+01 1.090000000000000000e+02 7.600000000000000000e+01 9.400000000000000000e+01 8.700000000000000000e+01 9.000000000000000000e+01 9.000000000000000000e+01 9.000000000000000000e+01
9.300000000000000000e+01 1.090000000000000000e+02 7.600000000000000000e+01 9.400000000000000000e+01 8.600000000000000000e+01 9.000000000000000000e+01 9.000000000000000000e+01 9.000000000000000000e+01
9.300000000000000000e+01 1.080000000000000000e+02 7.600000000000000000e+01 9.400000000000000000e+01 8.600000000000000000e+01 9.000000000000000000e+01 9.000000000000000000e+01 9.000000000000000000e+01
9.300000000000000000e+01 1.080000000000000000e+02 7.600000000000000000e+01 9.400000000000000000e+01 8.600000000000000000e+01 9.000000000000000000e+01 9.000000000000000000e+01 9.000000000000000000e+01
9.300000000000000000e+01 1.080000000000000000e+02 7.600000000000000000e+01 9.400000000000000000e+01 8.600000000000000000e+01 9.000000000000000000e+01 9.000000000000000000e+01 9.000000000000000000e+01
9.300000000000000000e+01 1.080000000000000000e+02 7.600000000000000000e+01 9.400000000000000000e+01 8.600000000000000000e+01 9.000000000000000000e+01 9.000000000000000000e+01 9.000000000000000000e+01
9.300000000000000000e+01 1.080000000000000000e+02 7.600000000000000000e+01 9.400000000000000000e+01 8.600000000000000000e+01 9.000000000000000000e+01 9.000000000000000000e+01 9.000000000000000000e+01
9.300000000000000000e+01 1.080000000000000000e+02 7.600000000000000000e+01 9.400000000000000000e+01 8.600000000000000000e+01 9.000000000000000000e+01 9.000000000000000000e+01 9.000000000000000000e+01
9.300000000000000000e+01 1.080000000000000000e+02 7.700000000000000000e+01 9.400000000000000000e+01 8.600000000000000000e+01 9.000000000000000000e+01 9.000000000000000000e+01 9.000000000000000000e+01
9.300000000000000000e+01 1.080000000000000000e+02 7.700000000000000000e+01 9.400000000000000000e+01 8.600000000000000000e+01 9.000000000000000000e+01 9.000000000000000000e+01 9.000000000000000000e+01
9.300000000000000000e+01 1.080000000000000000e+02 7.700000000000000000e+01 9.400000000000000000e+01 8.600000000000000000e+01 9.000000000000000000e+01 9.000000000000000000e+01 9.000000000000000000e+01
9.300000000000000000e+01 1.080000000000000000e+02 7.700000000000000000e+01 9.400000000000000000e+01 8.600000000000000000e+01 9.000000000000000000e+01 9.000000000000000000e+01 9.000000000000000000e+01
9.300000000000000000e+01 1.080000000000000000e+02 7.700000000000000000e+01 9.400000000000000000e+01 8.600000000000000000e+01 9.000000000000000000e+01 9.000000000000000000e+01 9.000000000000000000e+01
9.300000000000000000e+01 1.080000000000000000e+02 7.700000000000000000e+01 9.500000000000000000e+01 8.600000000000000000e+01 9.000000000000000000e+01 9.000000000000000000e+01 9.000000000000000000e+01
9.300000000000000000e+01 1.080000000000000000e+02 7.700000000000000000e+01 9.500000000000000000e+01 8.600000000000000000e+01 9.000000000000000000e+01 9.000000000000000000e+01 9.000000000000000000e+01
9.300000000000000000e+01 1.080000000000000000e+02 7.700000000000000000e+01 9.500000000000000000e+01 8.600000000000000000e+01 9.000000000000000000e+01 9.000000000000000000e+01 9.000000000000000000e+01
9.400000000000000000e+01 1.080000000000000000e+02 7.700000000000000000e+01 9.500000000000000000e+01 8.500000000000000000e+01 9.000000000000000000e+01 9.000000000000000000e+01 9.000000000000000000e+01
9.400000000000000000e+01 1.080000000000000000e+02 7.700000000000000000e+01 9.500000000000000000e+01 8.500000000000000000e+01 9.000000000000000000e+01 9.000000000000000000e+01 9.000000000000000000e+01
9.400000000000000000e+01 1.080000000000000000e+02 7.700000000000000000e+01 9.500000000000000000e+01 8.500000000000000000e+01 9.000000000000000000e+01 9.000000000000000000e+01 9.000000000000000000e+01
9.400000000000000000e+01 1.080000000000000000e+02 7.700000000000000000e+01 9.500000000000000000e+01 8.500000000000000000e+01 9.000000000000000000e+01 9.000000000000000000e+01 9.000000000000000000e+01
9.400000000000000000e+01 1.080000000000000000e+02 7.700000000000000000e+01 9.500000000000000000e+01 8.500000000000000000e+01 9.000000000000000000e+01 9.000000000000000000e+01 9.000000000000000000e+01
9.400000000000000000e+01 1.080000000000000000e+02 7.700000000000000000e+01 9.500000000000000000e+01 8.500000000000000000e+01 9.000000000000000000e+01 9.000000000000000000e+01 9.000000000000000000e+01
9.400000000000000000e+01 1.080000000000000000e+02 7.700000000000000000e+01 9.500000000000000000e+01 8.500000000000000000e+01 9.000000000000000000e+01 9.000000000000000000e+01 9.000000000000000000e+01
9.400000000000000000e+01 1.080000000000000000e+02 7.700000000000000000e+01 9.500000000000000000e+01 8.500000000000000000e+01 9.000000000000000000e+01 9.000000000000000000e+01 9.000000000000000000e+01
9.400000000000000000e+01 1.080000000000000000e+02 7.700000000000000000e+01 9.500000000000000000e+01 8.500000000000000000e+01 9.000000000000000000e+01 9.000000000000000000e+01 9.000000000000000000e+01
9.400000000000000000e+01 1.080000000000000000e+02 7.700000000000000000e+01 9.500000000000000000e+01 8.500000000000000000e+01 9.000000000000000000e+01 9.000000000000000000e+01 9.000000000000000000e+01
9.400000000000000000e+01 1.080000000000000000e+02 7.700000000000000000e+01 9.500000000000000000e+01 8.500000000000000000e+01 9.000000000000000000e+01 9.000000000000000000e+01 9.000000000000000000e+01
9.400000000000000000e+01 1.080000000000000000e+02 7.700000000000000000e+01 9.500000000000000000e+01 8.500000000000000000e+01 9.000000000000000000e+01 9.000000000000000000e+01 9.000000000000000000e+01
9.400000000000000000e+01 1.080000000000000000e+02 7.700000000000000000e+01 9.500000000000000000e+01 8.500000000000000000e+01 9.000000000000000000e+01 9.000000000000000000e+01 9.000000000000000000e+01
9.400000000000000000e+01 1.080000000000000000e+02 7.800000000000000000e+01 9.500000000000000000e+01 8.500000000000000000e+01 9.000000000000000000e+01 9.000000000000000000e+01 9.000000000000000000e+01
9.400000000000000000e+01 1.080000000000000000e+02 7.800000000000000000e+01 9.500000000000000000e+01 8.500000000000000000e+01 9.000000000000000000e+01 9.000000000000000000e+01 9.000000000000000000e+01
9.400000000000000000e+01 1.080000000000000000e+02 7.800000000000000000e+01 9.500000000000000000e+01 8.500000000000000000e+01 9.000000000000000000e+01 9.000000000000000000e+01 9.000000000000000000e+01
9.400000000000000000e+01 1.080000000000000000e+02 7.800000000000000000e+01 9.500000000000000000e+01 8.500000000000000000e+01 9.000000000000000000e+01 9.000000000000000000e+01 9.000000000000000000e+01
9.400000000000000000e+01 1.080000000000000000e+02 7.800000000000000000e+01 9.500000000000000000e+01 8.500000000000000000e+01 9.000000000000000000e+01 9.000000000000000000e+01 9.000000000000000000e+01
9.400000000000000000e+01 1.080000000000000000e+02 7.800000000000000000e+01 9.500000000000000000e+01 8.500000000000000000e+01 9.000000000000000000e+01 9.000000000000000000e+01 9.000000000000000000e+01
9.400000000000000000e+01 1.080000000000000000e+02 7.800000000000000000e+01 9.500000000000000000e+01 8.500000000000000000e+01 9.000000000000000000e+01 9.000000000000000000e+01 9.000000000000000000e+01
9.400000000000000000e+01 1.080000000000000000e+02 7.800000000000000000e+01 9.500000000000000000e+01 8.500000000000000000e+01 9.000000000000000000e+01 9.000000000000000000e+01 9.000000000000000000e+01
9.400000000000000000e+01 1.080000000000000000e+02 7.800000000000000000e+01 9.500000000000000000e+01 8.500000000000000000e+01 9.000000000000000000e+01 9.000000000000000000e+01 9.000000000000000000e+01
9.400000000000000000e+01 1.080000000000000000e+02 7.800000000000000000e+01 9.500000000000000000e+01 8.500000000000000000e+01 9.000000000000000000e+01 9.000000000000000000e+01 9.000000000000000000e+01
9.400000000000000000e+01 1.080000000000000000e+02 7.700000000000000000e+01 9.500000000000000000e+01 8.500000000000000000e+01 9.000000000000000000e+01 9.000000000000000000e+01 9.000000000000000000e+01
9.400000000000000000e+01 1.080000000000000000e+02 7.700000000000000000e+01 9.500000000000000000e+01 8.500000000000000000e+01 9.000000000000000000e+01 9.000000000000000000e+01 9.000000000000000000e+01
9.400000000000000000e+01 1.080000000000000000e+02 7.700000000000000000e+01 9.500000000000000000e+01 8.500000000000000000e+01 9.000000000000000000e+01 9.000000000000000000e+01 9.000000000000000000e+01
9.400000000000000000e+01 1.080000000000000000e+02 7.700000000000000000e+01 9.500000000000000000e+01 8.500000000000000000e+01 9.000000000000000000e+01 9.000000000000000000e+01 9.000000000000000000e+01
9.400000000000000000e+01 1.080000000000000000e+02 7.700000000000000000e+01 9.500000000000000000e+01 8.500000000000000000e+01 9.000000000000000000e+01 9.000000000000000000e+01 9.000000000000000000e+01
9.400000000000000000e+01 1.080000000000000000e+02 7.700000000000000000e+01 9.500000000000000000e+01 8.500000000000000000e+01 9.000000000000000000e+01 9.000000000000000000e+01 9.000000000000000000e+01
9.400000000000000000e+01 1.080000000000000000e+02 7.700000000000000000e+01 9.500000000000000000e+01 8.500000000000000000e+01 9.000000000000000000e+01 9.000000000000000000e+01 9.000000000000000000e+01
9.400000000000000000e+01 1.080000000000000000e+02 7.700000000000000000e+01 9.500000000000000000e+01 8.500000000000000000e+01 9.000000000000000000e+01 9.000000000000000000e+01 9.000000000000000000e+01
9.400000000000000000e+01 1.080000000000000000e+02 7.700000000000000000e+01 9.500000000000000000e+01 8.500000000000000000e+01 9.000000000000000000e+01 9.000000000000000000e+01 9.000000000000000000e+01
9.400000000000000000e+01 1.080000000000000000e+02 7.700000000000000000e+01 9.500000000000000000e+01 8.500000000000000000e+01 9.000000000000000000e+01 9.000000000000000000e+01 9.000000000000000000e+01
9.400000000000000000e+01 1.080000000000000000e+02 7.700000000000000000e+01 9.500000000000000000e+01 8.500000000000000000e+01 9.000000000000000000e+01 9.000000000000000000e+01 9.000000000000000000e+01
9.400000000000000000e+01 1.080000000000000000e+02 7.700000000000000000e+01 9.500000000000000000e+01 8.500000000000000000e+01 9.000000000000000000e+01 9.000000000000000000e+01 9.000000000000000000e+01
9.400000000000000000e+01 1.080000000000000000e+02 7.700000000000000000e+01 9.500000000000000000e+01 8.500000000000000000e+01 9.000000000000000000e+01 9.000000000000000000e+01 9.000000000000000000e+01
9.300000000000000000e+01 1.080000000000000000e+02 7.700000000000000000e+01 9.500000000000000000e+01 8.600000000000000000e+01 9.000000000000000000e+01 9.000000000000000000e+01 9.000000000000000000e+01
9.300000000000000000e+01 1.080000000000000000e+02 7.700000000000000000e+01 9.500000000000000000e+01 8.600000000000000000e+01 9.000000000000000000e+01 9.000000000000000000e+01 9.000000000000000000e+01
9.300000000000000000e+01 1.080000000000000000e+02 7.700000000000000000e+01 9.500000000000000000e+01 8.600000000000000000e+01 9.000000000000000000e+01 9.000000000000000000e+01 9.000000000000000000e+01
9.300000000000000000e+01 1.080000000000000000e+02 7.700000000000000000e+01 9.400000000000000000e+01 8.600000000000000000e+01 9.000000000000000000e+01 9.000000000000000000e+01 9.000000000000000000e+01
9.300000000000000000e+01 1.080000000000000000e+02 7.700000000000000000e+01 9.400000000000000000e+01 8.600000000000000000e+01 9.000000000000000000e+01 9.000000000000000000e+01 9.000000000000000000e+01
9.300000000000000000e+01 1.080000000000000000e+02 7.700000000000000000e+01 9.400000000000000000e+01 8.600000000000000000e+01 9.000000000000000000e+01 9.000000000000000000e+01 9.000000000000000000e+01
9.300000000000000000e+01 1.080000000000000000e+02 7.700000000000000000e+01 9.400000000000000000e+01 8.600000000000000000e+01 9.000000000000000000e+01 9.000000000000000000e+01 9.000000000000000000e+01
9.300000000000000000e+01 1.080000000000000000e+02 7.700000000000000000e+01 9.400000000000000000e+01 8.600000000000000000e+01 9.000000000000000000e+01 9.000000000000000000e+01 9.000000000000000000e+01
9.300000000000000000e+01 1.080000000000000000e+02 7.600000000000000000e+01 9.400000000000000000e+01 8.600000000000000000e+01 9.000000000000000000e+01 9.000000000000000000e+01 9.000000000000000000e+01
9.300000000000000000e+01 1.080000000000000000e+02 7.600000000000000000e+01 9.400000000000000000e+01 8.600000000000000000e+01 9.000000000000000000e+01 9.000000000000000000e+01 9.000000000000000000e+01
9.300000000000000000e+01 1.080000000000000000e+02 7.600000000000000000e+01 9.400000000000000000e+01 8.600000000000000000e+01 9.000000000000000000e+01 9.000000000000000000e+01 9.000000000000000000e+01
9.300000000000000000e+01 1.080000000000000000e+02 7.600000000000000000e+01 9.400000000000000000e+01 8.600000000000000000e+01 9.000000000000000000e+01 9.000000000000000000e+01 9.000000000000000000e+01
9.300000000000000000e+01 1.080000000000000000e+02 7.600000000000000000e+01 9.400000000000000000e+01 8.600000000000000000e+01 9.000000000000000000e+01 9.000000000000000000e+01 9.000000000000000000e+01
9.300000000000000000e+01 1.080000000000000000e+02 7.600000000000000000e+01 9.400000000000000000e+01 8.600000000000000000e+01 9.000000000000000000e+01 9.000000000000000000e+01 9.000000000000000000e+01
9.300000000000000000e+01 1.090000000000000000e+02 7.600000000000000000e+01 9.400000000000000000e+01 8.600000000000000000e+01 9.000000000000000000e+01 9.000000000000000000e+01 9.000000000000000000e+01
9.200000000000000000e+01 1.090000000000000000e+02 7.600000000000000000e+01 9.400000000000000000e+01 8.700000000000000000e+01 9.000000000000000000e+01 9.000000000000000000e+01 9.000000000000000000e+01
9.200000000000000000e+01 1.090000000000000000e+02 7.600000000000000000e+01 9.400000000000000000e+01 8.700000000000000000e+01 9.000000000000000000e+01 9.000000000000000000e+01 9.000000000000000000e+01
9.200000000000000000e+01 1.090000000000000000e+02 7.600000000000000000e+01 9.400000000000000000e+01 8.700000000000000000e+01 9.000000000000000000e+01 9.000000000000000000e+01 9.000000000000000000e+01
9.200000000000000000e+01 1.090000000000000000e+02 7.600000000000000000e+01 9.400000000000000000e+01 8.700000000000000000e+01 9.000000000000000000e+01 9.000000000000000000e+01 9.000000000000000000e+01
9.200000000000000000e+01 1.090000000000000000e+02 7.600000000000000000e+01 9.400000000000000000e+01 8.700000000000000000e+01 9.000000000000000000e+01 9.000000000000000000e+01 9.000000000000000000e+01
9.200000000000000000e+01 1.090000000000000000e+02 7.600000000000000000e+01 9.400000000000000000e+01 8.700000000000000000e+01 9.000000000000000000e+01 9.000000000000000000e+01 9.000000000000000000e+01
9.200000000000000000e+01 1.090000000000000000e+02 7.600000000000000000e+01 9.400000000000000000e+01 8.700000000000000000e+01 9.000000000000000000e+01 9.000000000000000000e+01 9.000000000000000000e+01
9.200000000000000000e+01 1.090000000000000000e+02 7.600000000000000000e+01 9.400000000000000000e+01 8.700000000000000000e+01 9.000000000000000000e+01 9.000000000000000000e+01 9.000000000000000000e+01
9.200000000000000000e+01 1.090000000000000000e+02 7.600000000000000000e+01 9.400000000000000000e+01 8.700000000000000000e+01 9.000000000000000000e+01 9.000000000000000000e+01 9.000000000000000000e+01
9.200000000000000000e+01 1.090000000000000000e+02 7.500000000000000000e+01 9.400000000000000000e+01 8.700000000000000000e+01 9.000000000000000000e+01 9.000000000000000000e+01 9.000000000000000000e+01
9.200000000000000000e+01 1.090000000000000000e+02 7.500000000000000000e+01 9.400000000000000000e+01 8.700000000000000000e+01 9.000000000000000000e+01 9.000000000000000000e+01 9.000000000000000000e+01
9.100000000000000000e+01 1.090000000000000000e+02 7.500000000000000000e+01 9.400000000000000000e+01 8.800000000000000000e+01 9.000000000000000000e+01 9.000000000000000000e+01 9.000000000000000000e+01
9.100000000000000000e+01 1.090000000000000000e+02 7.500000000000000000e+01 9.400000000000000000e+01 8.800000000000000000e+01 9.000000000000000000e+01 9.000000000000000000e+01 9.000000000000000000e+01
9.100000000000000000e+01 1.090000000000000000e+02 7.500000000000000000e+01 9.400000000000000000e+01 8.800000000000000000e+01 9.000000000000000000e+01 9.000000000000000000e+01 9.000000000000000000e+01
9.100000000000000000e+01 1.090000000000000000e+02 7.500000000000000000e+01 9.400000000000000000e+01 8.800000000000000000e+01 9.000000000000000000e+01 9.000000000000000000e+01 9.000000000000000000e+01
9.100000000000000000e+01 1.090000000000000000e+02 7.500000000000000000e+01 9.400000000000000000e+01 8.800000000000000000e+01 9.000000000000000000e+01 9.000000000000000000e+01 9.000000000000000000e+01
9.100000000000000000e+01 1.090000000000000000e+02 7.500000000000000000e+01 9.400000000000000000e+01 8.800000000000000000e+01 9.000000000000000000e+01 9.000000000000000000e+01 9.000000000000000000e+01
9.100000000000000000e+01 1.090000000000000000e+02 7.500000000000000000e+01 9.400000000000000000e+01 8.800000000000000000e+01 9.000000000000000000e+01 9.000000000000000000e+01 9.000000000000000000e+01
9.100000000000000000e+01 1.090000000000000000e+02 7.500000000000000000e+01 9.400000000000000000e+01 8.800000000000000000e+01 9.000000000000000000e+01 9.000000000000000000e+01 9.000000000000000000e+01
9.100000000000000000e+01 1.090000000000000000e+02 7.500000000000000000e+01 9.400000000000000000e+01 8.800000000000000000e+01 9.000000000000000000e+01 9.000000000000000000e+01 9.000000000000000000e+01
9.000000000000000000e+01 1.090000000000000000e+02 7.500000000000000000e+01 9.400000000000000000e+01 8.900000000000000000e+01 9.000000000000000000e+01 9.000000000000000000e+01 9.000000000000000000e+01
9.000000000000000000e+01 1.090000000000000000e+02 7.500000000000000000e+01 9.300000000000000000e+01 8.900000000000000000e+01 9.000000000000000000e+01 9.000000000000000000e+01 9.000000000000000000e+01
9.000000000000000000e+01 1.090000000000000000e+02 7.500000000000000000e+01 9.300000000000000000e+01 8.900000000000000000e+01 9.000000000000000000e+01 9.000000000000000000e+01 9.000000000000000000e+01
9.000000000000000000e+01 1.090000000000000000e+02 7.500000000000000000e+01 9.300000000000000000e+01 8.900000000000000000e+01 9.000000000000000000e+01 9.000000000000000000e+01 9.000000000000000000e+01
9.000000000000000000e+01 1.090000000000000000e+02 7.500000000000000000e+01 9.300000000000000000e+01 8.900000000000000000e+01 9.000000000000000000e+01 9.000000000000000000e+01 9.000000000000000000e+01
9.000000000000000000e+01 1.090000000000000000e+02 7.500000000000000000e+01 9.300000000000000000e+01 8.900000000000000000e+01 9.000000000000000000e+01 9.000000000000000000e+01 9.000000000000000000e+01
9.000000000000000000e+01 1.090000000000000000e+02 7.500000000000000000e+01 9.300000000000000000e+01 8.900000000000000000e+01 9.000000000000000000e+01 9.000000000000000000e+01 9.000000000000000000e+01
9.000000000000000000e+01 1.090000000000000000e+02 7.500000000000000000e+01 9.300000000000000000e+01 8.900000000000000000e+01 9.000000000000000000e+01 9.000000000000000000e+01 9.000000000000000000e+01
9.000000000000000000e+01 1.090000000000000000e+02 7.500000000000000000e+01 9.300000000000000000e+01 8.900000000000000000e+01 9.000000000000000000e+01 9.000000000000000000e+01 9.000000000000000000e+01
